Sample output file
sample1,12,15,16,11,2,1,4,13,6,16,7,15,4,5,1,12,7
sample2,16,3,4,9,4,16,11,5,5,2,4,15,2,7,14,15,11,14,16,3,12,1,13,8
sample3,3,1,8,5,5,13,6,6,5,1,14,2,14,12,6,8,14
sample4,3,12,16,13,9,8,11,15,2,12,6,16,5,5,6
sample5,13,10,6,4,2,12,8,8,2,13,3,5,16,9,9,9,11
sample6,8,9,9,7,5,11,3,9,14,12,8,16,14,7,5,8,6,15,1,4
sample7,7,9,4,9,9,4,5,13,1,15,6,12,16,10,15,16,11,16,7,16,14,1,1,9,2
sample8,7,4,2,3,15,11,6,12,10,7,4,6,13,14,13,13,3,8,8,9,3,8,10,5
sample9,3,1,15,7,1,15,10,5,9,1,3,11,4,8,13,15,7,16,14,5,7
sample10,14,1,8,11,11,8,5,5,6,15,2,8,8,8,13,2
sample11,13,4,10,5,1,11,16,3,6,8,4,10,13,6,4,2
sample12,7,4,13,15,5,7,10,2,3,8,14,3,16,5,12,16,14,6,13,2,13,12
sample13,4,8,1,6,13,13,9,13,4,1,11,10,6,12,12,1,10,11,12,13,10
sample14,6,13,7,1,12,12,10,13,14,3,1,9,11,15,16,10,2
sample15,7,14,16,5,4,3,13,1,12,12,12,6,1,15,16,16,13,13,13,8,2,16,11,9,3
sample16,14,15,10,9,15,1,16,7,14,16,12,6,3,10,6,14,14
sample17,16,5,7,11,9,1,7,10,15,3,10,4,11,16,9,3,5,4,8,13,1
sample18,4,12,11,3,3,12,16,10,12,5,11,13,16,14,12,9,3,1,12,3,6,11,4,16
sample19,9,6,10,5,16,6,5,4,3,15,11,12,5,6,6,13,9,10,2,7,9,15,9
sample20,11,9,16,9,6,12,16,12,9,2,14,2,1,12,11,14,8,10,4,8,11,1,6
sample21,5,14,4,15,4,12,6,1,11,11,10,12,10,2,15,3,7,11,13,10,5,2
sample22,2,6,9,2,15,1,1,15,13,14,6,7,16,11,2,6,15,16,11,15,14,2,8,3,16
sample23,10,11,4,11,8,3,2,8,14,13,8,4,4,11,11
sample24,3,5,14,7,3,5,15,1,16,5,11,1,5,11,13,13,4,1,14,5,8,6,8
sample25,2,6,7,15,11,10,6,2,14,8,6,15,11,12,16,10,9,7,5,6,13,10,13
sample26,14,10,4,2,5,9,7,12,8,8,4,3,7,16,12,14,2,11,10,7
sample27,8,10,14,3,15,2,9,12,5,13,14,5,7,1,10,10,12,7,15,3,11,4,3
sample28,15,14,7,7,1,7,11,8,10,2,6,9,14,4,3,4,2,8,7
sample29,7,6,10,2,11,5,2,7,7,5,8,13,7,7,2,3
sample30,9,1,2,14,1,16,10,13,2,8,10,7,6,8,11,6,15,8,16,10,16
sample31,1,9,5,4,6,15,1,14,4,8,9,9,9,5,3,16,15,7,2,3,9,15,9,2,13
sample32,12,3,7,3,15,15,5,10,8,4,11,13,16,12,10,13,6,3,4,6,12,16,6,1
sample33,8,12,9,14,5,10,1,15,8,5,14,16,2,15,9,13,14,3,9,7,4,3,6,3
sample34,13,14,11,1,5,12,7,5,3,9,15,6,15,16,8,14,3,16
sample35,16,7,15,1,5,5,10,14,14,13,7,6,16,6,16,4,6,10,2,13,11,9,6
sample36,4,16,15,14,15,11,5,1,10,2,2,2,4,13,15,1,5,11,3,12
sample37,9,8,1,12,15,1,2,4,1,14,2,12,3,8,2,7,10,7,7,2,10,9,8,8
sample38,15,7,4,6,10,14,2,4,9,11,16,8,12,11,6,16,10,6,12,2,4,14,16
sample39,4,1,8,13,16,8,10,9,16,14,16,14,17,9,1,16,14,15,8,13
sample40,12,12,15,1,6,7,3,12,5,10,12,11,12,2,10,12,12,11,11,4,11,3,11
sample41,4,9,12,9,3,13,8,3,3,6,13,11,7,7,6,2,13,3,15,16
sample42,11,12,3,13,11,9,3,5,16,11,8,6,10,1,6,13,10,15,13,7,9
sample43,14,5,16,13,4,7,1,4,15,11,13,8,13,2,16,3,11
sample44,1,15,9,14,9,8,12,14,9,7,15,11,12,10,9,7,15,4,7,6
sample45,1,14,4,11,14,3,4,10,9,16,11,4,13,2,13,10
sample46,10,6,13,1,3,15,1,10,5,5,15,7,6,1,4,12,12,8,15,7,10,1,10,10,1
sample47,8,14,2,2,5,5,14,2,1,15,14,1,7,3,3,16,6,14,8,2,5,4,2,3
sample48,12,15,3,2,13,3,7,2,4,4,14,15,9,9,8
sample49,2,14,7,5,4,8,5,4,12,10,1,12,5,9,10,16,6
sample50,14,1,13,14,12,15,2,16,8,9,16,4,5,10,9,5,7
