Sample output file
sample1,16,16,12,16,5,1,15,7,2,10,13,7,11,5
sample2,15,14,2,11,11,5,12,14,13,15,11,10,7,9
sample3,3,9,14,15,6,11,6,14,4,10,16,15,10
sample4,4,6,3,1,16,11,8,8,12,11,15,11,14,10
sample5,5,4,14,16,11,3,8,14,15,5
sample6,12,9,2,5,4,14,16,10,3,8,13
sample7,8,2,10,14,9,14,7,16,12
sample8,9,14,7,16,13,8,4,3,2,9,12
sample9,7,1,1,12,9,2,4
sample10,9,3,8,6,6,6,15
sample11,9,14,7,16,13,8,4
sample12,8,6,6,6,15,15,13,2,11,10
sample13,15,8,2,10,14,9,14,7,16,12,7
sample14,8,16,5,6,1,4,6,2,1
sample15,4,11,16,16,12,16,5,1,14,7,2
sample16,16,5,7,1,4,6,2
sample17,1,12,9,2,5,4,14,16,10,3
sample18,2,12,11,5,12,14,13,16,11,10,8,11,13,12
sample19,10,14,9,14,7,16,12,7,4,3,2,8,11
sample20,17,11,3,8,14,15,5,11,5,13,3,10
sample21,16,11,9,8,13,12,16
sample22,14,7,16,13,8,4,3,2,10,12
sample23,3,15,12,9,3,8,6,6
sample24,16,13,8,4,3,2,10
sample25,16,13,8,4,3,2,10,13,5,3,14,10,7,3
sample26,2,10,14,5,3,15,11,9,3,7,5,5
sample27,16,5,7,1,4,6,2,1,15,10,7,7,10
sample28,9,3,8,6,6,6,15,15,13,1,10,9,4
sample29,1,15,8,2,10,14,9
sample30,9,14,15,6,11,6,14
sample31,13,8,4,3,2,10,13,5,3,15,11
sample32,7,16,13,8,4,3,2,10,13,5
sample33,14,7,1,2,13,9,4,7,6,1
sample34,1,1,12,9,2,4,4,13,16,10,3,7,11
sample35,10,8,16,5,6,1,4
sample36,3,1,16,11,9,8,13,12,15,12,15,11
sample37,11,6,15,4,11,16,16,12,15
sample38,5,3,15,12,9,3,8,5,6,5,13,13
sample39,12,9,2,5,4,14,16
sample40,13,16,5,1,15,7,2,10
sample41,11,9,8,13,12,16,12,16,13,7,1,1,10
sample42,14,5,3,15,12,9,3,7,5,5,5,13
sample43,3,1,16,11,9,8,13,12,15,12,15
sample44,7,1,2,13,9,4,7,6
sample45,15,12,9,3,8,6,6
sample46,2,10,14,9,14,7,16,12,7,4,3,2,8
sample47,10,8,16,5,6,1,4,6,2
sample48,11,3,8,14,15,6,11,5,14,4,10,15,14
sample49,1,16,11,9,8,13,12,16
sample50,16,12,16,5,1,15,7,2,10,13,8,12,5,12
sample51,6,6,15,15,13,2,11,10,5
sample52,1,2,13,9,4,7,6,1,1,11,8,1,4
sample53,7,1,1,12,9,2,4,4,13,16,10,3,7,10
sample54,9,4,7,6,1,1,11,9,2,4,3,11,14,7
