[3.608305168910947, 4.952241091397945, 3.8418570455944523, 8.48841968778828, 2.3591464669014908, 2.703163158390376, 0.4552195042695062, 1.8922098777177188, 2.6114688526048733, 0.8673929602577557, 0.6047719549274599, 8.607141518537242, 5.354890768473183, 4.0562722718428565, 3.8187984674281594, 6.671843972820223, 6.328556037286757, 8.72335139327358, 6.434598892847888, 9.192950143044209, 7.0138653534802256, 3.167913755174312, 0.3684566113455179, 0.6876055810480242, 6.7930276579180155, 4.446584803263204, 1.9267022160844427, 2.9410215507259583, 2.708059204281418, 0.48556441215448776, 0.2809778770562166, 5.96165947749143, 4.397446227167865, 0.6567287318789028, 2.1546392724542693, 1.6185739798731513, 6.992752020039777, 9.614049037096798, 5.253560808196759, 1.1099052869521775, 4.025039354068873, 7.282477937683762, 8.023433431145568, 2.538459216084288, 5.721048770137525, 2.5496581143871944, 7.426978175721358, 1.5597683073720359, 5.461657373510251, 9.431508263015294, 9.608321954358377, 6.319981051864637, 8.630215574967007, 2.265950066288467, 0.5481145300985379, 7.715376813425317, 3.59594161512108, 0.8347367103387893, 5.111788766163824, 7.382260672288332, 4.157630332032378, 7.221550223639185, 3.2546983119861705, 8.765441898509621, 6.4155098935706025, 3.685237881800484, 1.5716957879737459, 1.1154569969573236, 0.7441596053988064, 4.860259476377372, 6.865036248938833, 2.3291476059717455, 1.306978356541001, 8.192123052014619, 5.953326845288746, 4.175157049289585, 1.3827754199414044, 3.673785300048774, 2.55556733969744, 2.635367780332105, 2.667626197893952, 7.669700847358342, 7.758153568285621, 6.845245947992225, 0.6702228078784311, 5.897406550607899, 5.309046463295013, 2.4305204440826698, 6.336519168536746, 7.482225578291109, 6.7821378124528415, 8.914573305385401, 6.119553015639672, 5.4088867353284344, 4.516167985488578, 6.310371287944342, 8.852905172537607, 8.664551229397038, 2.156383821631179, 3.0127237647875504]
sample0,9.431508263015294,9.608321954358377,6.319981051864637,8.630215574967007,2.265950066288467,0.5481145300985379,7.715376813425317,3.59594161512108,0.8347367103387893,5.111788766163824,7.382260672288332,4.157630332032378,7.221550223639185,3.2546983119861705
sample1,7.758153568285621,6.845245947992225,0.6702228078784311,5.897406550607899,5.309046463295013,2.4305204440826698,6.336519168536746,7.482225578291109,6.7821378124528415,8.914573305385401,6.119553015639672,5.4088867353284344,4.516167985488578,6.310371287944342
sample2,1.1099052869521775,4.025039354068873,7.282477937683762,8.023433431145568,2.538459216084288,5.721048770137525,2.5496581143871944,7.426978175721358,1.5597683073720359,5.461657373510251,9.431508263015294,9.608321954358377,6.319981051864637
sample3,1.8922098777177188,2.6114688526048733,0.8673929602577557,0.6047719549274599,8.607141518537242,5.354890768473183,4.0562722718428565,3.8187984674281594,6.671843972820223,6.328556037286757,8.72335139327358,6.434598892847888,9.192950143044209,7.0138653534802256
sample4,2.1546392724542693,1.6185739798731513,6.992752020039777,9.614049037096798,5.253560808196759,1.1099052869521775,4.025039354068873,7.282477937683762,8.023433431145568,2.538459216084288
sample5,5.96165947749143,4.397446227167865,0.6567287318789028,2.1546392724542693,1.6185739798731513,6.992752020039777,9.614049037096798,5.253560808196759,1.1099052869521775,4.025039354068873,7.282477937683762
sample6,3.59594161512108,0.8347367103387893,5.111788766163824,7.382260672288332,4.157630332032378,7.221550223639185,3.2546983119861705,8.765441898509621,6.4155098935706025
sample7,4.157630332032378,7.221550223639185,3.2546983119861705,8.765441898509621,6.4155098935706025,3.685237881800484,1.5716957879737459,1.1154569969573236,0.7441596053988064,4.860259476377372,6.865036248938833
sample8,2.708059204281418,0.48556441215448776,0.2809778770562166,5.96165947749143,4.397446227167865,0.6567287318789028,2.1546392724542693
sample9,4.175157049289585,1.3827754199414044,3.673785300048774,2.55556733969744,2.635367780332105,2.667626197893952,7.669700847358342
sample10,4.157630332032378,7.221550223639185,3.2546983119861705,8.765441898509621,6.4155098935706025,3.685237881800484,1.5716957879737459
sample11,3.673785300048774,2.55556733969744,2.635367780332105,2.667626197893952,7.669700847358342,7.758153568285621,6.845245947992225,0.6702228078784311,5.897406550607899,5.309046463295013
sample12,7.715376813425317,3.59594161512108,0.8347367103387893,5.111788766163824,7.382260672288332,4.157630332032378,7.221550223639185,3.2546983119861705,8.765441898509621,6.4155098935706025,3.685237881800484
sample13,3.8418570455944523,8.48841968778828,2.3591464669014908,2.703163158390376,0.4552195042695062,1.8922098777177188,2.6114688526048733,0.8673929602577557,0.6047719549274599
sample14,1.5597683073720359,5.461657373510251,9.431508263015294,9.608321954358377,6.319981051864637,8.630215574967007,2.265950066288467,0.5481145300985379,7.715376813425317,3.59594161512108,0.8347367103387893
sample15,8.48841968778828,2.3591464669014908,2.703163158390376,0.4552195042695062,1.8922098777177188,2.6114688526048733,0.8673929602577557
sample16,0.2809778770562166,5.96165947749143,4.397446227167865,0.6567287318789028,2.1546392724542693,1.6185739798731513,6.992752020039777,9.614049037096798,5.253560808196759,1.1099052869521775
sample17,0.6702228078784311,5.897406550607899,5.309046463295013,2.4305204440826698,6.336519168536746,7.482225578291109,6.7821378124528415,8.914573305385401,6.119553015639672,5.4088867353284344,4.516167985488578,6.310371287944342,8.852905172537607,8.664551229397038
sample18,5.111788766163824,7.382260672288332,4.157630332032378,7.221550223639185,3.2546983119861705,8.765441898509621,6.4155098935706025,3.685237881800484,1.5716957879737459,1.1154569969573236,0.7441596053988064,4.860259476377372,6.865036248938833
sample19,9.614049037096798,5.253560808196759,1.1099052869521775,4.025039354068873,7.282477937683762,8.023433431145568,2.538459216084288,5.721048770137525,2.5496581143871944,7.426978175721358,1.5597683073720359,5.461657373510251
sample20,8.607141518537242,5.354890768473183,4.0562722718428565,3.8187984674281594,6.671843972820223,6.328556037286757,8.72335139327358
sample21,7.221550223639185,3.2546983119861705,8.765441898509621,6.4155098935706025,3.685237881800484,1.5716957879737459,1.1154569969573236,0.7441596053988064,4.860259476377372,6.865036248938833
sample22,1.306978356541001,8.192123052014619,5.953326845288746,4.175157049289585,1.3827754199414044,3.673785300048774,2.55556733969744,2.635367780332105
sample23,8.765441898509621,6.4155098935706025,3.685237881800484,1.5716957879737459,1.1154569969573236,0.7441596053988064,4.860259476377372
sample24,8.765441898509621,6.4155098935706025,3.685237881800484,1.5716957879737459,1.1154569969573236,0.7441596053988064,4.860259476377372,6.865036248938833,2.3291476059717455,1.306978356541001,8.192123052014619,5.953326845288746,4.175157049289585,1.3827754199414044
sample25,0.7441596053988064,4.860259476377372,6.865036248938833,2.3291476059717455,1.306978356541001,8.192123052014619,5.953326845288746,4.175157049289585,1.3827754199414044,3.673785300048774,2.55556733969744,2.635367780332105
sample26,8.48841968778828,2.3591464669014908,2.703163158390376,0.4552195042695062,1.8922098777177188,2.6114688526048733,0.8673929602577557,0.6047719549274599,8.607141518537242,5.354890768473183,4.0562722718428565,3.8187984674281594,6.671843972820223
sample27,4.175157049289585,1.3827754199414044,3.673785300048774,2.55556733969744,2.635367780332105,2.667626197893952,7.669700847358342,7.758153568285621,6.845245947992225,0.6702228078784311,5.897406550607899,5.309046463295013,2.4305204440826698
sample28,0.5481145300985379,7.715376813425317,3.59594161512108,0.8347367103387893,5.111788766163824,7.382260672288332,4.157630332032378
sample29,4.025039354068873,7.282477937683762,8.023433431145568,2.538459216084288,5.721048770137525,2.5496581143871944,7.426978175721358
sample30,6.4155098935706025,3.685237881800484,1.5716957879737459,1.1154569969573236,0.7441596053988064,4.860259476377372,6.865036248938833,2.3291476059717455,1.306978356541001,8.192123052014619,5.953326845288746
sample31,3.2546983119861705,8.765441898509621,6.4155098935706025,3.685237881800484,1.5716957879737459,1.1154569969573236,0.7441596053988064,4.860259476377372,6.865036248938833,2.3291476059717455
sample32,7.0138653534802256,3.167913755174312,0.3684566113455179,0.6876055810480242,6.7930276579180155,4.446584803263204,1.9267022160844427,2.9410215507259583,2.708059204281418,0.48556441215448776
sample33,0.48556441215448776,0.2809778770562166,5.96165947749143,4.397446227167865,0.6567287318789028,2.1546392724542693,1.6185739798731513,6.992752020039777,9.614049037096798,5.253560808196759,1.1099052869521775,4.025039354068873,7.282477937683762
sample34,4.952241091397945,3.8418570455944523,8.48841968778828,2.3591464669014908,2.703163158390376,0.4552195042695062,1.8922098777177188
sample35,0.8673929602577557,0.6047719549274599,8.607141518537242,5.354890768473183,4.0562722718428565,3.8187984674281594,6.671843972820223,6.328556037286757,8.72335139327358,6.434598892847888,9.192950143044209,7.0138653534802256
sample36,5.721048770137525,2.5496581143871944,7.426978175721358,1.5597683073720359,5.461657373510251,9.431508263015294,9.608321954358377,6.319981051864637,8.630215574967007
sample37,2.3291476059717455,1.306978356541001,8.192123052014619,5.953326845288746,4.175157049289585,1.3827754199414044,3.673785300048774,2.55556733969744,2.635367780332105,2.667626197893952,7.669700847358342,7.758153568285621
sample38,5.96165947749143,4.397446227167865,0.6567287318789028,2.1546392724542693,1.6185739798731513,6.992752020039777,9.614049037096798
sample39,6.319981051864637,8.630215574967007,2.265950066288467,0.5481145300985379,7.715376813425317,3.59594161512108,0.8347367103387893,5.111788766163824
sample40,5.354890768473183,4.0562722718428565,3.8187984674281594,6.671843972820223,6.328556037286757,8.72335139327358,6.434598892847888,9.192950143044209,7.0138653534802256,3.167913755174312,0.3684566113455179,0.6876055810480242,6.7930276579180155
sample41,6.865036248938833,2.3291476059717455,1.306978356541001,8.192123052014619,5.953326845288746,4.175157049289585,1.3827754199414044,3.673785300048774,2.55556733969744,2.635367780332105,2.667626197893952,7.669700847358342
sample42,0.8673929602577557,0.6047719549274599,8.607141518537242,5.354890768473183,4.0562722718428565,3.8187984674281594,6.671843972820223,6.328556037286757,8.72335139327358,6.434598892847888,9.192950143044209
sample43,3.167913755174312,0.3684566113455179,0.6876055810480242,6.7930276579180155,4.446584803263204,1.9267022160844427,2.9410215507259583,2.708059204281418
sample44,8.192123052014619,5.953326845288746,4.175157049289585,1.3827754199414044,3.673785300048774,2.55556733969744,2.635367780332105
sample45,0.8347367103387893,5.111788766163824,7.382260672288332,4.157630332032378,7.221550223639185,3.2546983119861705,8.765441898509621,6.4155098935706025,3.685237881800484,1.5716957879737459,1.1154569969573236,0.7441596053988064,4.860259476377372
sample46,4.952241091397945,3.8418570455944523,8.48841968778828,2.3591464669014908,2.703163158390376,0.4552195042695062,1.8922098777177188,2.6114688526048733,0.8673929602577557
sample47,5.253560808196759,1.1099052869521775,4.025039354068873,7.282477937683762,8.023433431145568,2.538459216084288,5.721048770137525,2.5496581143871944,7.426978175721358,1.5597683073720359,5.461657373510251,9.431508263015294,9.608321954358377
sample48,0.6047719549274599,8.607141518537242,5.354890768473183,4.0562722718428565,3.8187984674281594,6.671843972820223,6.328556037286757,8.72335139327358
sample49,9.608321954358377,6.319981051864637,8.630215574967007,2.265950066288467,0.5481145300985379,7.715376813425317,3.59594161512108,0.8347367103387893,5.111788766163824,7.382260672288332,4.157630332032378,7.221550223639185,3.2546983119861705,8.765441898509621
sample50,2.635367780332105,2.667626197893952,7.669700847358342,7.758153568285621,6.845245947992225,0.6702228078784311,5.897406550607899,5.309046463295013,2.4305204440826698
sample51,0.3684566113455179,0.6876055810480242,6.7930276579180155,4.446584803263204,1.9267022160844427,2.9410215507259583,2.708059204281418,0.48556441215448776,0.2809778770562166,5.96165947749143,4.397446227167865,0.6567287318789028,2.1546392724542693
sample52,2.708059204281418,0.48556441215448776,0.2809778770562166,5.96165947749143,4.397446227167865,0.6567287318789028,2.1546392724542693,1.6185739798731513,6.992752020039777,9.614049037096798,5.253560808196759,1.1099052869521775,4.025039354068873,7.282477937683762
sample53,4.446584803263204,1.9267022160844427,2.9410215507259583,2.708059204281418,0.48556441215448776,0.2809778770562166,5.96165947749143,4.397446227167865,0.6567287318789028,2.1546392724542693,1.6185739798731513,6.992752020039777,9.614049037096798,5.253560808196759
