Sample input file
sample1,2.73193741119,2.37929068928,1.95081709503,2.00910444951,2.00284493148,1.87708426444,2.01356232111,1.93636944878,1.96499450235,1.85266808668,2.10783483083,1.99417647994,2.12652175288,2.17821393047,2.17148093623,1.82116988902
sample2,2.70545689206,2.21041347393,2.00630668033,2.18258182132,1.87974609195,1.88238676367,1.82883526642,2.09254698709,1.89626842291,2.04917460569,2.1322655339,1.87741469916,2.15424053007,1.84676618061,2.01855665658,1.86012085703,1.91648013034,2.02893721937
sample3,2.66914689176,2.31770379418,2.15673375209,2.12559683757,1.92560971966,2.07281875975,1.9441892527,2.02651462836,1.86374612427,1.88183791027,2.15017260265
sample4,2.85433625525,2.29327606762,2.09654195696,2.16340564635,2.10049523848,2.07507979596,1.99554371034,1.93480577734,1.88236110987,2.0010754338,2.0874688287,2.17729018932,1.96483244504,2.01961373339,1.9884446051,1.80231600734
sample5,2.97117624168,2.16492898366,2.297880712,1.86864568091,1.99804533588,2.17884156812,2.03236451559,2.11131734816,2.06354690561,1.84313672338,1.8875277086,2.13857198236,1.90331027332,1.81517164419,2.09294203153,2.0030165399,1.96991526574
sample6,2.60249255133,2.47445551782,1.94662623183,2.07964834659,2.13297959658,1.83321763759,1.88816343234,1.8954668701,2.10723921354,2.04108877974,2.03459344003,2.03450214833,2.05051962897,1.81745874083,1.92723665912,1.86923311635,1.86463604866,2.1853935747
sample7,2.49382887085,2.29835644902,2.09953905706,2.23183582464,1.88490134306,1.94562972914,1.94413901343,2.0623505129,1.83747995096,2.06463178731,2.12126459005,2.18028716357,1.91704436479,1.93883238451,1.89067472406,2.10206671317,1.9180058602
sample8,2.61863227091,2.28040532025,1.89527118903,1.92327819309,2.01075788368,1.9660136536,1.82778839902,2.08129569518,2.113266924,2.08201315305,1.88999114631,2.1842726887,2.08439303951,2.00236221422,2.02276015156,2.12057874181,2.12705179801,1.90821733956,2.11227212503
sample9,2.63790916116,2.34164924656,2.10582846693,2.10990477827,1.88925305394,1.85371359212,2.16400786867,1.91439218689,2.01149381615,2.19131691749,1.81503794508,1.81884934109,2.15011192711,2.13784616426,1.90967503184
sample10,2.99137363545,2.13461877219,2.26610597098,2.06967579953,2.00994603404,2.13978111419,1.8466772626,1.84912741403,2.14058542105,1.95860825741,1.98182017357,2.1003554137,1.81867951842,1.8823544577,2.11440131724,1.8497195329,1.84904560264,2.0400502803,1.92051069452
