Header Line
Sample0,8,2,16,15,3,4,9,11,10
Sample1,2,16,15,3,4,9,11,10,7
Sample2,2,16,15,3,4,9,11,10,7
Sample3,3,7,8,3,2,9,6,12
Sample4,7,4,8,13,15,12,7,3,7,8,3,2,9,6
Sample5,16,4,8,2,16,15,3,4,9,11
Sample6,11,10,7,4,8,13,15,12,7,3,7,8,3,2,9
Sample7,5,11,7,2,7,10,16,4,8,2,16
Sample8,11,10,7,4,8,13,15,12,7,3,7,8,3,2,9
Sample9,2,7,10,16,4,8,2,16,15
Sample10,11,10,7,4,8,13,15,12,7
Sample11,8,13,15,12,7,3,7,8,3,2,9
Sample12,15,3,4,9,11,10,7,4,8,13,15,12
Sample13,10,7,4,8,13,15,12,7,3,7,8,3
Sample14,12,7,3,7,8,3,2,9,6,12,16,15
Sample15,4,8,2,16,15,3,4,9,11,10,7,4,8
Sample16,11,7,2,7,10,16,4,8,2,16,15,3
Sample17,12,5,11,7,2,7,10,16,4,8,2,16
Sample18,2,7,10,16,4,8,2,16,15
Sample19,2,7,10,16,4,8,2,16
