Sample output file
sample1,1.04011448415,1.08992225606,1.09433693743,1.02478629766,0.928812752728,0.913825918955,0.945261450108,1.05300465093,0.970070990991,1.09842113685,0.983704700434,1.08529503197,0.940868803212,0.956411407984,0.915246700868,1.048197431,0.979345882681
sample2,1.09675842763,0.933638621688,0.942140639025,1.01236660007,0.943099036636,1.09833860328,1.03345410776,0.955465864475,0.957614655966,0.927493953566,0.942426951504,1.07919814899,0.923791295929,0.979881214294,1.06549264043,1.08686170326,1.03573286443,1.07573071069,1.09990692115,0.935938289984,1.04618594736,0.914093567442,1.05551182306,0.990830605818
sample3,0.929820059821,0.910827329352,0.99624105454,0.963714057837,0.953460624929,1.0561894101,0.969316191734,0.971518391548,0.960799094745,0.911201680576,1.06314553011,0.923529592403,1.06750014898,1.04155799701,0.966839128064,0.988508958763,1.06713026226
sample4,0.933314035796,1.03807014443,1.09893927942,1.05095840482,1.00163471361,0.998981705661,1.0335835663,1.07826591598,0.922436312598,1.04940706229,0.975105342268,1.10458309326,0.950684761387,0.954832064547,0.970782470142
sample5,1.05775771309,1.01485531578,0.970650978291,0.94996700806,0.919781623526,1.04081948318,0.997413239485,0.987003413995,0.920006622254,1.05222640593,0.936026989412,0.959075842093,1.09519683495,0.999983708973,1.00296242047,1.00917670263,1.02373924789
sample6,0.991413815453,1.00419518806,1.01078131205,0.982577122698,0.952551411782,1.02548385564,0.929551562484,1.01104650665,1.06875231519,1.03628351525,0.988705272014,1.1086682941,1.06531070648,0.976895955015,0.955945348182,0.993651560662,0.969806812768,1.0855747433,0.915696791177,0.94121271499
sample7,0.981765816489,1.00011751937,0.941116403453,1.00364977722,1.00027357136,0.944531015417,0.958297551461,1.05077715718,0.916600224776,1.08955364616,0.97466583653,1.03749885231,1.0975591521,1.02121014517,1.0838167767,1.09411006332,1.03033935478,1.10122567662,0.985455228038,1.0943103388,1.06612623291,0.908880409906,0.914932666766,1.00767129811,0.925286096146
sample8,0.982927395259,0.948436651609,0.919809089064,0.935742885241,1.08725355921,1.03511096448,0.971343564003,1.03712442623,1.02152100928,0.977803815741,0.947621643549,0.967848343238,1.05213750785,1.06951463862,1.05990440857,1.06270518656,0.932349749763,0.99427110444,0.999093626917,1.00346642414,0.932292810644,0.991997310785,1.02191744576,0.955282411888
sample9,0.929636121912,0.905354104619,1.09031619614,0.986012058195,0.902259857863,1.0836881302,1.01875316885,0.956086535919,1.01212206883,0.915430743342,0.928854834097,1.03518829448,0.941916944485,0.989047447084,1.05902985147,1.09069226581,0.97934777752,1.09496689582,1.066945573,0.952524692121,0.984112277446
sample10,1.07118488333,0.91662730751,0.993513627221,1.02968098432,1.02942073446,0.987354364729,0.956672661607,0.951572793746,0.970824121946,1.08522042233,0.925009732553,0.998481603691,0.995661602591,0.991445670492,1.05951420932,0.926732431437
sample11,1.06309894611,0.947407193469,1.01540088846,0.954255664784,0.915626242437,1.0273744732,1.09285445748,0.933868048312,0.969103875516,0.992863584229,0.942948725651,1.02105073067,1.06191586804,0.970390939875,0.940572394164,0.923127609275
sample12,0.979711538536,0.948782714654,1.05442096975,1.08187060818,0.955544592866,0.977025882122,1.02234985489,0.925653201048,0.935321653333,0.98811027358,1.07628876098,0.937248108831,1.10016831539,0.961095738463,1.03817401441,1.09752495768,1.06782811176,0.964151018685,1.05769258709,0.923235499524,1.0549804284,1.04274581901
sample13,0.941388745489,0.993958567499,0.90243023193,0.973673075541,1.05402420729,1.06093178976,1.00874212661,1.05022831559,0.942356386988,0.914273633383,1.0329435831,1.01639807033,0.964814648369,1.04367437781,1.04926114874,0.915698143059,1.01566339794,1.02881887096,1.04617670364,1.04969779168,1.0133147338
sample14,0.966607370427,1.06046864042,0.980414720568,0.906704618344,1.04460710614,1.04423583901,1.02068449337,1.06052111056,1.06829207077,0.937561373985,0.90870770675,1.00476459656,1.02625142292,1.08321624701,1.10665316174,1.01994400275,0.926762071517
sample15,0.977131689243,1.0688952595,1.09465349872,0.957962326945,0.948392869562,0.935072063915,1.05211613032,0.914529630022,1.0422195077,1.03990870419,1.04523478633,0.964529227292,0.912379923492,1.08798155217,1.09640696285,1.10652747685,1.06251895547,1.05123585132,1.05912178908,0.990137089057,0.922613016895,1.09515404018,1.03158672985,1.0025172094,0.930536980232
sample16,1.06824227451,1.08609771973,1.01867982399,1.00848802433,1.08870251177,0.905835121109,1.10430947214,0.983208608569,1.06515794305,1.0993980914,1.04168627556,0.967914303265,0.936788822566,1.01901833492,0.966113133888,1.0674525518,1.06381816443
sample17,1.09690107876,0.955296189609,0.981619962121,1.03291769544,1.00635428613,0.904022436727,0.985068765082,1.01834532225,1.08162225019,0.929081210845,1.0205150148,0.943127191673,1.03320020994,1.09869154308,1.00377821983,0.939156005127,0.960745005347,0.949294704508,0.992239249142,1.05410433259,0.908374118225
sample18,0.944295694423,1.04711146895,1.02595022863,0.930387881074,0.93852242926,1.03876371336,1.09829926581,1.02109592814,1.04465615769,0.96384528527,1.0351648846,1.05739661226,1.10207215052,1.06526755707,1.04842541555,1.006227353,0.928818982734,0.91397712732,1.03830617738,0.939090810441,0.974088367096,1.03559661044,0.948778025453,1.10149444584
sample19,1.00890300645,0.96618246893,1.01332448873,0.958161028461,1.09611451442,0.965156376776,0.959199616503,0.943342348347,0.939285385399,1.08418939277,1.03319138716,1.04052095049,0.957452151423,0.972159795491,0.972347192916,1.05646962843,0.999980416478,1.02059128793,0.924198373751,0.976866123653,1.00539537345,1.07825794726,1.00479377442
sample20,1.02804982024,1.00994109274,1.09870889059,1.01031927879,0.968652696408,1.04256579241,1.09577901861,1.04156484676,1.00217754531,0.919386299832,1.07224697879,0.927030851086,0.907763370518,1.04615107671,1.02456038802,1.07280815782,0.989875099272,1.02146171781,0.946742304947,0.987380921101,1.02419687091,0.915996293124,0.967794069167
sample21,0.957644659242,1.06820656072,0.941165007604,1.08758133535,0.940123871856,1.03955133061,0.969312052114,0.913907721436,1.02949165078,1.03070012884,1.01583655391,1.04828618403,1.01666055897,0.922065627319,1.08059510172,0.932932573435,0.984975898765,1.02549458877,1.05111920379,1.0123890026,0.962754021452,0.918627550867
sample22,0.922133364082,0.970900532026,1.01214259614,0.927569539008,1.08355151853,0.91381455488,0.905007596724,1.07669650294,1.05727745054,1.07158448251,0.971187103994,0.976241623082,1.10068150174,1.02433368797,0.925562805175,0.968832771266,1.08830058068,1.10260687968,1.03200132345,1.07773262761,1.07547651831,0.926999286758,0.988150437606,0.932324236794,1.0932723872
sample23,1.0190366271,1.02346272821,0.94114843975,1.02823595128,0.989896889114,0.933147731713,0.919052140668,0.988882138421,1.06887061973,1.06048690582,0.987966390553,0.948809971397,0.947709777513,1.03147902071,1.02649419273
sample24,0.93574607508,0.953308212977,1.07173055442,0.985117406303,0.936900407255,0.963922846206,1.0818065704,0.913157811803,1.1052936309,0.956169109183,1.02910927925,0.913534712435,0.959257873283,1.03627015259,1.06210080902,1.05923023084,0.949287767629,0.908426060109,1.06636342535,0.950929640221,0.998002369249,0.970107108104,0.989920787393
sample25,0.927497182388,0.966344546323,0.983659491901,1.07992768294,1.02662127055,1.02302659038,0.973399107125,0.921497919898,1.06985999667,0.998535664496,0.966964561581,1.09035788279,1.0300643326,1.04547932462,1.09598041401,1.02344907939,1.00439144618,0.980243111963,0.958781967564,0.969349460854,1.05281795343,1.01725384544,1.05297228981
sample26,1.07212976027,1.01579439165,0.946497688024,0.923851366162,0.953292416542,1.00499943298,0.978970812953,1.04217818408,0.997075861078,0.99948837327,0.945690421708,0.938955659594,0.976766186984,1.10400191555,1.04405685188,1.06314666394,0.920673849989,1.02435213493,1.01594020537,0.976581437138
sample27,0.988144972791,1.02070572495,1.06343653548,0.929338745241,1.0799168083,0.922377266735,1.00058958948,1.04696709541,0.956784450064,1.05470521883,1.06606135574,0.950542558215,0.984263264866,0.911762717228,1.02299301823,1.0199012369,1.04328776502,0.98588760577,1.08711818601,0.932806149874,1.02717990668,0.93944862484,0.930295556067
sample28,1.08526248684,1.07635533079,0.979256932734,0.98454725295,0.914046008208,0.985236580217,1.03531537749,0.990121952762,1.01800671638,0.92013688777,0.971509870829,1.00282088486,1.07398479557,0.943198642416,0.931570908642,0.940964870581,0.928214978335,0.987465508684,0.977002877016
sample29,0.982398419263,0.969142169847,1.0185047976,0.928773957725,1.02623591876,0.951439579808,0.92179709865,0.985460947729,0.976627873634,0.960937923862,0.992846270588,1.05312097972,0.982858097379,0.98629436276,0.924382416448,0.939210176346
sample30,1.00242452185,0.907781590548,0.91899693982,1.06419806009,0.916982919918,1.09581619263,1.01733552678,1.0618605611,0.918508958136,0.994083374246,1.01917096697,0.982293976584,0.968956466784,0.996577493011,1.02439006251,0.969687778693,1.08966931623,0.993852179775,1.09755213006,1.01580876977,1.10888090877
sample31,0.912338021979,1.00894557884,0.964053530924,0.944691084963,0.964993629404,1.08829857326,0.912801606828,1.06345046286,0.946968495867,0.987166966962,1.01079468843,1.00217796954,1.00713753351,0.950113669732,0.931828159913,1.10262841904,1.08913276088,0.981478178651,0.922396318644,0.933010612123,1.00498864266,1.07913500334,1.01114244084,0.920470478802,1.05648406818
sample32,1.03769486043,0.931053520577,0.984683979085,0.928883854473,1.08118498367,1.0805900049,0.953004586076,1.01666150854,0.995132273356,0.939470062207,1.02796591389,1.0544996696,1.09609555957,1.04912725655,1.02024391063,1.05347600965,0.968778107954,0.937010566694,0.94899558873,0.974061779055,1.03901896014,1.10702460432,0.964655745101,0.916524485053
sample33,0.995777651392,1.0398870275,1.00810447916,1.0703980094,0.954310441294,1.02282317078,0.913124995491,1.0845701151,0.997387202265,0.960158527517,1.07395947205,1.09958319228,0.925931931804,1.08206319078,1.00959001194,1.06269526071,1.06798675716,0.931701538182,1.00843511627,0.983967938014,0.939886149188,0.938264165151,0.965660131047,0.937897172555
sample34,1.05553223932,1.07208567185,1.02977125272,0.908240676479,0.956367117697,1.03722123575,0.984661109917,0.955619038003,0.932225879466,1.00274813479,1.08587751366,0.968319389649,1.08314560267,1.09629118465,0.996185962156,1.07423936146,0.929754179471,1.10876266488
sample35,1.09613935802,0.980802055842,1.08181736049,0.914513299565,0.950173073485,0.961975574798,1.01445529842,1.06444153858,1.06874495699,1.05723936202,0.985745356695,0.968716884723,1.09414463236,0.971338599338,1.09461891463,0.949476288317,0.972334083179,1.02337011857,0.925307737704,1.0558433464,1.02709544977,1.00268823295,0.972903055028
sample36,0.940401864303,1.09455591686,1.09108836319,1.07619998126,1.08965801513,1.02585184909,0.952846482338,0.914604396031,1.02037882211,0.928455083176,0.918646192862,0.921703918489,0.948329933458,1.06029271932,1.09177526947,0.915681947701,0.960788599074,1.02468952142,0.93214001907,1.03832816177
sample37,1.00899004187,0.992513240447,0.913485687165,1.04755093518,1.08888409806,0.906216535639,0.919518490501,0.94222665773,0.913198614856,1.06891798376,0.928002310289,1.04478852709,0.937224773258,0.995262774468,0.924557547016,0.983200399285,1.01802017553,0.986374333128,0.983003835675,0.922203319707,1.0184951837,1.01081455583,0.994803836635,0.989217180816
sample38,1.08148395785,0.978292061822,0.940566482465,0.967802312756,1.01819193673,1.07240623876,0.9255723379,0.940419041417,1.0044642731,1.02673139835,1.10659016698,0.997806623472,1.03897924294,1.03411703214,0.974405778882,1.10193007243,1.0171865693,0.971373141034,1.04577963544,0.921717973292,0.942617628084,1.07050993424,1.09766382316
sample39,0.948856166753,0.909498848933,0.986555600967,1.05088318418,1.09707844703,0.989822139771,1.01751844705,1.00113201961,1.105913345,1.07021150662,1.09555702661,1.06408681835,1.10892207488,1.00160042174,0.910077472239,1.09919894878,1.0673427597,1.07967030388,0.989608956495,1.05820676492
sample40,1.03786795055,1.04914750983,1.08210010598,0.904837022365,0.969464056338,0.981004103447,0.934812637107,1.0369341807,0.959636670206,1.01939100916,1.04371874993,1.03585328406,1.04897302366,0.924400289197,1.01358346938,1.04393075771,1.04062243449,1.0331245075,1.02906290255,0.947126810633,1.03522770826,0.938663889172,1.0312427938
sample41,0.948298198672,1.01145754464,1.04765859705,1.00388148063,0.93319833499,1.05158773094,0.991886184793,0.937442662802,0.933378584052,0.96913972514,1.0561327946,1.02885197837,0.979265335882,0.980502847232,0.971203060738,0.920631113815,1.06214742745,0.928865701037,1.08655052039,1.10837213413
sample42,1.03337280512,1.03655275286,0.938507456104,1.06011794518,1.02787657112,1.01000627563,0.93016652174,0.962487159403,1.09488073576,1.02939714817,0.997649864822,0.966983275458,1.0164676687,0.91705021337,0.967161358691,1.05409516463,1.01250944273,1.08371512617,1.05912076549,0.977304081024,1.00975460444
sample43,1.06392386137,0.950013325218,1.0922877652,1.05790149419,0.943249449979,0.98227735721,0.908024132817,0.94646934032,1.08525006802,1.02642245925,1.06145270472,0.994423347969,1.05164497078,0.917479257287,1.09953494212,0.935971091006,1.03069774619
sample44,0.903045423393,1.08237733923,1.00528169597,1.07442187867,1.0000120273,0.99774868856,1.03920138385,1.07279406743,1.0123544814,0.983392208438,1.07688569438,1.02810977291,1.04399435871,1.02058000033,1.0102675804,0.976815509262,1.08751670014,0.949324214082,0.978785148755,0.975189405402
sample45,0.907314403934,1.07329949652,0.947312146413,1.03426401194,1.0698418683,0.934824358401,0.948118784681,1.01255114519,1.0030092608,1.10258282659,1.02809704685,0.947868674425,1.05328168719,0.920250770921,1.05592666634,1.02172465986
sample46,1.02006764297,0.969597763571,1.05507831486,0.915163698251,0.939192369805,1.08197001236,0.91376901378,1.01669397636,0.961677553589,0.963747885317,1.08603292585,0.980279669558,0.96707345129,0.910519862498,0.946815451597,1.04227845698,1.04787431145,0.992109664291,1.09217757727,0.980845273588,1.01940194854,0.914615292686,1.02027952228,1.01899163521,0.910643927962
sample47,0.993948991883,1.07035829162,0.919400697284,0.919841284766,0.956073223099,0.961042500667,1.06577657527,0.92485789295,0.907341335036,1.08368120215,1.07602740072,0.915318683154,0.984100757018,0.931804238652,0.928941063818,1.10224772266,0.971906289453,1.07176707958,0.989019822395,0.919245903425,0.962477211951,0.946585783966,0.921380972997,0.939221493604
sample48,1.04788549986,1.08053468899,0.93562621462,0.926189974566,1.05397727187,0.929777386651,0.979197992007,0.926287784041,0.941104369615,0.949983044616,1.06367309259,1.09003022103,1.01027696167,1.00738409298,0.986563559176
sample49,0.924980590771,1.07573222914,0.980646699074,0.952453866713,0.942450350714,0.987609434207,0.95803048292,0.949119384503,1.04166417096,1.02331046896,0.917215101284,1.040796983,0.961511305046,1.00625412346,1.01512816914,1.09928538249,0.969319854714
sample50,1.06865009969,0.907999585717,1.0546883984,1.06654132453,1.04890105063,1.08760191375,0.924820728897,1.09726732947,0.99784772061,1.00200810622,1.09496288706,0.945629178273,0.962464765528,1.01667846018,1.00973228188,0.957364069109,0.979417831466
